Latitude
-45.1929
-45.3592
-45.29
-45.0656
-45.1861
-45.3072
-45.1529
-45.2061
-45.4882
-45.3144
-43.2859
-43.2889
-43.7851
-45.2039
-45.2234
-45.1773
-36.78
-45.4172
-45.2054
-42.8995
-45.0954
-43.3772
-39.3274
-45.0359
-35.7046
-36.1988
-37.2938
-45.2257
-42.1927
-38.9062
-45.2428
-38.4034
-41.8875
-40.0081
-41.0922
-42.6353
-46.1201
-37.9953
-36.8374
-38.218
-38.025
-38.0513
-40.6511
-37.3897
-39.2341
-42.8315
-38.0122
-38.0109
-38.0054
-37.9968
-37.993
-41.7385
-36.9377
-37.9988
-45.2161
-43.8094
-40.2388
-43.2538
-37.8007
-39.448
-37.9019
-41.4275
-37.1848
-42.3412
-40.2959
-35.2715
-37.3097
-37.1399
-35.1457
-40.6452
-45.1228
-45.0691
-46.6061
-44.0696
-39.6929
-40.2365
-45.057
-37.6671
-43.2097
-41.4634
-41.4636
-41.0912
-45.1285
-41.4572
-45.3295
-39.9041
-35.6249
-40.1788
-35.28
-45.0793
-45.0597
-43.9508
-43.2198
-44.3705
-42.9846
-42.9995
-41.65
-37.1546
-41.7139
-44.3498
-45.8777
-38.3419
-43.9412
-43.9512
-38.226
-36.7272
-38.7
-45.5616
-38.9168
-38.2113
-38.2497
-37.1741
-37.8824
-45.7463
-35.2066
-41.9772
-41.9758
-45.2332
-40.6008
-47.911
-41.5067
-41.8821
-37.8975
-45.7046
-41.9565
-37.3316
-43.2093
-37.9023
-39.6601
-35.7344
-37.1616
-46.7826
-42.0328
-42.6784
-35.1586
-40.3907
-45.8802
-41.6596
-41.6585
-41.7418
-41.6568
-37.2103
-39.0098
-41.573
-38.2078
-40.5148
-41.0958
-40.859
-45.2511
-40.3818
-40.3816
-36.9437
-46.8426
-41.0805
-39.9651
-38.5764
-40.334
-37.7716
-40.2128
-40.7937
-40.1307
-40.1173
-45.2888
-39.8999
-38.0459
-40.5424
-40.5029
-47.041
-36.9005
-36.7398
-43.2994
-43.2979
-40.9429
-38.3507
-40.496
-38.5047
-37.2003
-45.1273
-39.1796
-37.4193
-41.6772
-40.5996
-42.4558
-41.7639
-39.8712
-38.5566
-37.2038
-39.3323
-40.5164
-40.9652
-43.5026
-43.5324
-43.5371
-40.4784
-39.7005
-37.4592
-41.0616
-42.988
-42.4753
-45.0652
-38.1599
-37.9614
-36.6407
-38.2192
-44.4136
-36.705
-38.7488
-37.5072
-47.4662
-39.5411
-37.9109
-36.6939
-47.4928
-45.1493
-39.097
-41.0163
-45.2341
-46.3224
-36.5304
-45.5493
-41.3732
-40.3804
-44.02
-37.8976
-38.8985
-36.8718
-44.8168
-45.1347
-37.9094
-39.8093
-38.4226
-37.9066
-42.7358
-42.3499
-40.608
-41.2165
-40.3691
-38.9566
-38.1936
-45.2141
-40.4152
-38.728
-44.027
-44.2966
-40.4532
-45.3215
-39.282
-37.7877
-37.7553
-46.2638
-39.5905
-37.7759
-49.42
-48.9
-38.9452
-43.4981
-49.1
-49.26
-48.01
-49.49
-48.63
-48.72
-48.78
-48.65
-42.1608
-37.8426
-47.9676
-48.84
-38.9369
-42.2016
-37.7728
-38.2942
-36.5603
-49.05
-36.7075
-36.6868
-44.7214
-44.7446
-44.8912
-44.8269
-44.7285
-44.7548
-44.7346
-44.7677
-44.6978
-44.7206
-44.754
-44.7552
-37.7777
-42.1664
-44.8804
-35.6409
-42.1001
-42.1235
-44.8962
-37.4601
-37.3756
-37.423
-37.4495
-37.4356
-37.4744
-40.5237
-45.0639
-49.4
-47.0747
-40.9104
-49.43
-37.7814
-35.2646
-49.02
-49.29
-46.0176
-37.7942
-38.8901
-38.8158
-38.9533
-36.7096
-38.7799
-44.9488
-39.3035
-41.9291
-44.9462
-44.9531
-37.7703
-39.2777
-38.215
-37.8371
-37.6217
-37.7966
-38.8983
-39.2184
-44.4301
-35.5157
-35.6574
-37.3406
-35.722
-35.355
-40.699
-39.2876
-44.6756
-43.0422
-37.8855
-33.24
-41.6867
-35.9217
-43.1418
-43.1336
-45.0112
-45.1276
-36.2183
-38.3591
-41.975
-49.07
-43.2253
-44.418
-36.3256
-39.6025
-45.2561
-34.21
-38.2553
-46.1815
-33.4
-37.5556
-37.5828
-37.6013
-37.5861
-37.6196
-37.6156
-37.6034
-37.5851
-37.582
-37.6357
-38.2671
-37.5001
-45.9528
-47.9462
-43.1133
-45.7906
-38.1961
-42.7243
-37.8067
-39.8517
-37.6168
-39.6449
-39.2569
-37.7264
-45.0044
-38.6139
-37.7953
-37.4617
-38.8519
-39.6982
-44.2565
-39.0997
-37.8048
-37.8075
-42.4357
-37.8109
-44.4996
-45.0063
-40.2834
-38.8093
-40.1192
-42.339
-42.3218
-42.3065
-38.2856
-38.8321
-40.1181
-37.9954
-38.223
-46.2409
-46.4745
-39.6584
-45.1029
-37.3566
-37.405
-37.3055
-37.4735
-37.4855
-37.4842
-37.4499
-37.5028
-37.4958
-37.5022
-37.4787
-37.5037
-38.6881
-37.7677
-37.7677
-45.057
-46.1471
-38.1466
-45.1725
-41.8465
-38.2706
-40.8924
-44.3821
-45.1112
-38.8618
-45.2048
-40.4758
-41.8925
-36.6012
-44.364
-37.5239
-41.8931
-43.8242
-38.9434
-37.7997
-42.4652
-42.4897
-36.9142
-38.614
-38.2542
-47.256
-47.3059
-38.7511
-45.301
-40.5542
-49.05
-35.3192
-41.5955
-37.0368
-37.4632
-42.7407
-36.9351
-36.9276
-37.4825
-37.3509
-37.0237
-36.989
-37.8197
-39.9614
-46.0753
-38.8875
-43.0864
-35.123
-37.8196
-43.3105
-36.934
-38.6262
-39.0314
-49.226
-36.7245
-38.4562
-37.7863
-37.3754
-45.1335
-45.0608
-37.8238
-38.3441
-38.9481
-44.2547
-37.787
-39.41
-38.6694
-38.6699
-41.6446
-38.7178
-43.451
-46.1456
-35.7566
-37.8165
-41.0514
-43.1487
-36.9732
-45.8625
-41.3888
-44.51
-46.8778
-38.1385
-38.9793
-38.9809
-38.9692
-42.6039
-44.2062
-36.8041
-45.7512
-45.8502
-45.4429
-46.2777
-46.0655
-46.0442
-45.6137
-45.5342
-45.8087
-45.5801
-45.8027
-45.4504
-46.2297
-46.5327
-46.1827
-45.6237
-45.5214
-46.3811
-45.6402
-46.2487
-46.1981
-46.1905
-46.2877
-45.7702
-45.7702
-46.3703
-45.7037
-46.2457
-45.7017
-46.1535
-46.1513
-45.5771
-45.6855
-46.1189
-46.2311
-46.1673
-45.492
-46.1843
-46.5419
-46.1396
-45.6485
-45.4376
-45.4199
-45.4286
-45.4051
-45.5071
-46.3878
-45.4266
-45.4355
-45.4207
-45.9477
-45.6704
-46.0491
-45.5679
-46.0063
-45.5531
-45.5487
-45.5782
-45.6014
-45.4034
-45.5413
-45.86
-45.8314
-45.3994
-36.7572
-46.266
-46.0289
-45.4836
-45.9151
-45.8902
-46.0868
-46.2464
-45.5646
-45.7515
-45.6587
-45.4431
-45.4768
-45.4376
-45.1806
-41.8053
-45.6104
-46.1986
-45.5199
-37.8093
-45.4831
-45.5005
-37.7161
-43.2465
-35.15
-35
-46.0151
-45.695
-46.0232
-35.9205
-46.3848
-45.6535
-46.2679
-46.2589
-40.4387
-41.4383
-45.6466
-37.0093
-46.309
-45.498
-40.967
-45.284
-46.1423
-44.0344
-44.4731
-46.1474
-46.1921
-46.104
-41.169
-46.0102
-37.9518
-39.7201
-39.6286
-43.9521
-42.2036
-40.4199
-40.4164
-43.2081
-46.481
-46.1281
-40.049
-46.3863
-40.562
-45.769
-46.1093
-46.0726
-44.4228
-39.0584
-37.643
-41.035
-44.4626
-44.2946
-49.41
-44.1196
-36.8143
-45.4539
-36.9023
-46.3916
-38.9686
-39.1779
-47.7121
-39.4954
-44.7286
-38.857
-38.9747
-40.9085
-46.2405
-38.4433
-46.0275
-45.6846
-45.5013
-42.1217
-42.1304
-48.42
-48.61
-48.66
-46.2573
-45.0852
-46.3075
-44.9995
-38.5503
-38.5571
-38.5614
-38.5534
-45.1172
-42.176
-36.6228
-39.0941
-36.6563
-36.6511
-36.6328
-45.5659
-38.0878
-36.6364
-36.7382
-37.7998
-37.8777
-37.8261
-37.8757
-37.8706
-37.853
-42.5642
-39.6835
-36.6586
-40.2092
-33.57
-46.1067
-38.0471
-38.1123
-46.186
-45.9799
-38.9652
-45.9928
-38.2079
-44.18
-46.1133
-37.3782
-46.3757
-37.104
-36.9967
-38.0635
-40.1068
-43.5382
-43.6177
-43.6048
-43.5859
-43.5884
-43.6138
-43.5549
-43.5973
-43.6027
-43.6235
-43.5737
-43.6024
-43.6021
-43.5923
-43.5653
-43.6228
-43.252
-43.5464
-43.6368
-43.6147
-43.6263
-43.5949
-43.6359
-43.6363
-43.6492
-43.628
-43.4995
-43.6713
-43.5709
-43.632
-43.6151
-43.611
-43.6505
-43.6309
-43.5346
-43.6193
-43.5947
-43.6182
-43.5777
-43.6497
-43.592
-43.4671
-43.6179
-43.5699
-43.5885
-43.638
-43.5439
-43.654
-40.4333
-43.5545
-43.5901
-43.5115
-43.574
-43.5573
-43.6153
-43.5574
-43.6182
-43.6262
-43.5216
-43.5111
-40.421
-43.6087
-43.5946
-43.5612
-43.5974
-43.6057
-43.6423
-43.6385
-43.4784
-43.642
-43.5291
-43.5907
-43.6162
-43.6218
-43.5419
-43.5355
-43.6024
-43.5967
-43.6275
-43.627
-42.4747
-42.4861
-43.5926
-43.605
-43.6288
-43.6301
-43.6441
-43.6131
-43.5542
-43.6117
-43.6396
-43.5574
-43.4593
-43.6151
-43.5735
-43.0116
-43.5602
-43.6082
-38.2512
-43.5933
-43.6145
-43.5927
-43.5226
-43.5418
-42.4536
-43.433
-36.6812
-43.6278
-43.8571
-38.0659
-43.5627
-43.6157
-43.6395
-39.1507
-43.6108
-43.7377
-43.7137
-43.5651
-43.5899
-43.6198
-38.5701
-43.639
-43.6166
-43.5886
-43.6409
-43.6256
-43.5933
-43.4601
-47.228
-43.6081
-43.4902
-38.37
-42.9018
-43.6248
-43.4393
-43.5816
-43.6033
-45.9928
-43.6111
-43.2118
-43.6533
-46.2538
-43.6002
-46.0894
-43.5989
-43.2213
-38.8903
-43.6036
-36.6459
-43.5871
-40.8762
-39.1194
-40.8913
-46.2092
-43.5964
-45.4613
-44.6505
-36.7971
-43.5373
-43.5544
-43.5316
-37.5252
-45.3032
-37.7559
-43.5491
-43.5522
-43.5173
-43.5549
-43.575
-43.6436
-39.7308
-38.9325
-35.5069
-36.9297
-43.6267
-38.1159
-43.6153
-43.5909
-43.5242
-43.5799
-43.6066
-41.3551
-43.55
-47.4354
-38.407
-43.3234
-38.9324
-38.9362
-38.9338
-45.4933
-43.1624
-43.6323
-42.4812
-46.3909
-47.2356
-43.5993
-45.8258
-46.0162
-38.2281
-46.2271
-43.4204
-43.566
-43.5892
-43.5941
-43.5931
-43.5904
-43.584
-43.5873
-43.5652
-43.5988
-43.5382
-43.6023
-43.586
-43.6268
-43.6386
-43.594
-43.6207
-43.5995
-43.5676
-43.6547
-43.6047
-43.5801
-43.6055
-43.6036
-43.5922
-43.5879
-43.5648
-43.5862
-43.5791
-43.6067
-43.5825
-43.5693
-37.2757
-43.5985
-43.6151
-43.6099
-41.073
-43.5686
-42.3624
-41.5677
-43.5699
-43.5857
-43.5675
-43.5801
-43.5518
-43.5805
-46.1788
-45.1532
-43.5449
-45.028
-44.3415
-44.3398
-43.522
-45.9967
-38.0837
-43.4947
-43.5363
-43.5846
-39.8708
-43.5567
-43.529
-42.2043
-39.6149
-40.279
-43.6134
-43.5911
-38.2565
-46.0271
-34.29
-43.526
-43.6192
-40.1432
-38.6085
-43.1842
-41.3496
-43.537
-38.3024
-38.1657
-43.6
-43.5994
-38.0535
-36.3017
-43.5767
-43.5753
-44.4611
-45.5807
-38.0431
-37.9132
-38.3128
-43.6279
-43.6051
-43.5846
-42.3073
-44.1768
-44.3083
-43.3668
-43.5684
-43.5638
-43.5959
-43.5954
-43.4812
-43.6461
-43.6546
-43.6501
-43.6594
-43.5897
-43.5306
-43.6019
-43.5727
-44.5288
-43.6068
-43.6533
-46.9347
-43.7033
-43.5988
-43.5971
-43.5948
-43.6115
-43.6549
-43.5988
-43.605
-43.4842
-45.5959
-40.6837
-40.7417
-38.6745
-40.6845
-43.2067
-35.8973
-43.557
-43.56
-43.5389
-34.59
-43.6117
-45.684
-43.6445
-43.6455
-42.1045
-40.3051
-45.1173
-43.5999
-38.3436
-38.6222
-43.6035
-43.5581
-43.65
-37.8324
-43.5742
-37.8334
-43.6022
-43.5711
-43.5674
-38.5195
-49.675
-43.6039
-45.2958
-35.133
-35.42
-43.6188
-43.5953
-43.5933
-43.5668
-43.5829
-43.5829
-36.6159
-49.12
-38.477
-37.5127
-40.2827
-43.696
-43.6817
-43.6505
-37.8063
-43.5799
-44.9714
-38.9466
-37.3549
-41.3157
-38.6745
-38.9321
-37.8151
-41.6344
-41.6283
-37.4109
-43.2853
-43.6387
-38.9641
-38.9692
-43.5911
-37.4641
-37.4289
-37.423
-37.5681
-37.2754
-37.5314
-47.6671
-38.9085
-45.5696
-37.4404
-41.364
-38.6616
-37.2766
-41.1539
-45.3827
-45.6305
-45.3401
-46.2318
-46.1758
-43.4862
-43.4729
-43.5258
-43.53
-43.4734
-43.4577
-43.4955
-43.5347
-43.5329
-43.5405
-43.5527
-43.4947
-43.5171
-43.6638
-43.4815
-43.498
-43.5094
-43.5455
-43.4991
-43.4914
-43.5132
-43.5341
-43.4604
-43.5173
-43.4695
-43.417
-43.4755
-43.4461
-43.4679
-43.5122
-43.4791
-37.5175
-43.5075
-43.51
-43.5147
-43.4901
-43.4577
-43.5376
-36.26
-43.6404
-45.536
-40.397
-46.8583
-47.005
-46.885
-46.7789
-46.7196
-46.802
-43.603
-43.5912
-43.4847
-43.5935
-38.5099
-46.9127
-43.5812
-43.4541
-42.0134
-43.5256
-38.607
-39.9793
-40.1834
-40.3563
-38.9376
-43.651
-43.6445
-43.6192
-37.426
-43.4983
-40.8386
-39.3823
-39.9763
-39.9447
-43.4581
-37.2392
-43.4543
-43.5761
-43.4851
-40.6811
-40.2003
-35.5277
-38.6001
-45.0455
-44.9475
-45.1093
-37.7192
-43.5937
-39.9892
-45.1233
-46.1301
-46.1656
-37.4692
-40.9308
-45.9501
-36.5677
-36.5628
-36.5528
-36.5911
-43.5777
-44.1564
-43.5765
-45.4742
-36.5734
-37.9208
-38.4796
-37.9092
-43.4874
-41.6362
-43.4875
-43.4559
-42.5009
-43.1466
-44.4782
-45.5278
-41.3861
-42.9965
-42.3191
-46.2221
-43.5961
-43.5
-43.5927
-43.5362
-43.4867
-43.4794
-43.816
-43.5518
-43.5075
-44.2227
-43.5286
-38.0279
-43.4528
-43.5327
-40.0226
-42.223
-43.6252
-39.068
-44.5057
-43.6278
-41.4079
-38.5239
-38.5724
-44.5194
-39.7024
-41.493
-37.5265
-37.7131
-40.4981
-46.2124
-35.837
-37.6135
-37.5842
-43.6286
-42.4773
-35.99
-38.116
-38.034
-46.3946
-37.7641
-37.5705
-37.5473
-37.3093
-43.234
-37.4437
-46.2338
-44.098
-38.0689
-41.4187
-37.8119
-43.2917
-43.4807
-43.6176
-43.5965
-38.517
-38.574
-38.6212
-43.5215
-43.4692
-38.3113
-44.0438
-38.6385
-46.071
-38.5632
-38.5713
-38.3092
-43.4806
-44.3757
-40.1227
-40.1592
-39.7719
-38.5236
-37.7564
-43.6031
-45.2895
-37.8266
-44.5514
-44.4264
-45.0549
-39.0746
-38.5232
-45.1339
-38.5092
-43.5476
-38.3501
-33.6146
-43.5402
-37.872
-38.5341
-38.4061
-39.2911
-39.2603
-44.4226
-36.8715
-34.6673
-38.5011
-39.3126
-44.1315
-36.7603
-40.5145
-43.6038
-39.8124
-46.9269
-46.4569
-43.886
-39.9445
-46.1691
-43.5959
-43.6143
-35.922
-41.8483
-39.3564
-43.5122
-39.385
