Latitude Longitude
-45.1929 166.83
-45.3592 166.8152
-45.29 166.802
-45.0656 166.9658
-45.1861 166.9908
-45.3072 166.9217
-45.1529 166.8441
-45.2061 166.9382
-45.4882 166.6794
-45.3144 166.9468
-43.2859 172.9231
-43.2889 172.8909
-43.7851 173.4557
-45.2039 166.3132
-45.2234 166.4301
-45.1773 166.8506
-36.78 179.32
-45.4172 166.1204
-45.2054 166.3523
-42.8995 171.6705
-45.0954 166.7951
-43.3772 171.0577
-39.3274 174.9457
-45.0359 166.9677
-35.7046 179.6178
-36.1988 177.5091
-37.2938 177.7772
-45.2257 170.0675
-42.1927 174.7723
-38.9062 175.8241
-45.2428 166.9295
-38.4034 177.9745
-41.8875 174.0222
-40.0081 176.7068
-41.0922 175.0611
-42.6353 172.1553
-46.1201 165.6366
-37.9953 176.6936
-36.8374 179.6392
-38.218 178.4135
-38.025 178.1777
-38.0513 178.2758
-40.6511 175.7653
-37.3897 177.5774
-39.2341 177.4784
-42.8315 171.3794
-38.0122 176.5224
-38.0109 176.497
-38.0054 176.5141
-37.9968 176.5436
-37.993 176.5492
-41.7385 172.4939
-36.9377 -179.5876
-37.9988 176.5645
-45.2161 166.9346
-43.8094 170.8878
-40.2388 174.4505
-43.2538 172.7555
-37.8007 177.6077
-39.448 177.1046
-37.9019 179.7384
-41.4275 172.3639
-37.1848 177.5114
-42.3412 173.1374
-40.2959 175.9649
-35.2715 178.0314
-37.3097 179.8277
-37.1399 177.4114
-35.1457 178.4375
-40.6452 175.0892
-45.1228 166.9213
-45.0691 166.9627
-46.6061 165.3169
-44.0696 168.8281
-39.6929 177.0535
-40.2365 176.6252
-45.057 167.4321
-37.6671 176.3954
-43.2097 171.0562
-41.4634 175.7893
-41.4636 175.8012
-41.0912 175.0526
-45.1285 166.9172
-41.4572 175.7617
-45.3295 166.9221
-39.9041 174.6024
-35.6249 178.2846
-40.1788 173.6723
-35.28 178.4586
-45.0793 166.8092
-45.0597 166.7731
-43.9508 169.5626
-43.2198 171.6218
-44.3705 169.8714
-42.9846 171.0234
-42.9995 171.0272
-41.65 174.5499
-37.1546 176.9123
-41.7139 174.285
-44.3498 169.5298
-45.8777 166.8652
-38.3419 177.174
-43.9412 168.9747
-43.9512 169.0377
-38.226 179.4423
-36.7272 179.578
-38.7 179.1
-45.5616 166.3935
-38.9168 175.9961
-38.2113 179.4734
-38.2497 179.3779
-37.1741 177.5061
-37.8824 176.7308
-45.7463 166.4011
-35.2066 178.8664
-41.9772 173.9061
-41.9758 173.8861
-45.2332 166.4798
-40.6008 176.869
-47.911 165.4839
-41.5067 174.2004
-41.8821 171.7026
-37.8975 176.364
-45.7046 165.9877
-41.9565 171.6709
-37.3316 178.1759
-43.2093 170.7666
-37.9023 176.7199
-39.6601 177.3016
-35.7344 178.52
-37.1616 177.3998
-46.7826 165.6563
-42.0328 171.6766
-42.6784 172.4836
-35.1586 179.4213
-40.3907 176.2323
-45.8802 166.8971
-41.6596 174.1859
-41.6585 174.1908
-41.7418 174.2628
-41.6568 174.169
-37.2103 177.4722
-39.0098 176.0417
-41.573 174.2161
-38.2078 176.294
-40.5148 176.0543
-41.0958 174.8616
-40.859 176.3355
-45.2511 166.8986
-40.3818 176.9531
-40.3816 176.9842
-36.9437 177.749
-46.8426 165.8225
-41.0805 175.0631
-39.9651 176.5882
-38.5764 175.8269
-40.334 176.3814
-37.7716 178.5468
-40.2128 173.4244
-40.7937 176.4128
-40.1307 174.8885
-40.1173 174.9649
-45.2888 167.1834
-39.8999 176.8019
-38.0459 178.2978
-40.5424 176.9353
-40.5029 176.8575
-47.041 165.701
-36.9005 176.9864
-36.7398 177.0909
-43.2994 170.5077
-43.2979 170.5063
-40.9429 174.4539
-38.3507 177.2325
-40.496 176.396
-38.5047 175.863
-37.2003 177.3479
-45.1273 166.8899
-39.1796 176.8228
-37.4193 176.6615
-41.6772 174.1599
-40.5996 173.286
-42.4558 172.6956
-41.7639 172.6523
-39.8712 175.314
-38.5566 175.8355
-37.2038 177.4984
-39.3323 174.6358
-40.5164 176.8389
-40.9652 174.4778
-43.5026 169.9035
-43.5324 169.9306
-43.5371 169.9134
-40.4784 173.1688
-39.7005 176.5135
-37.4592 178.9027
-41.0616 174.3345
-42.988 172.1025
-42.4753 172.6761
-45.0652 166.7724
-38.1599 176.8618
-37.9614 176.5134
-36.6407 177.1172
-38.2192 177.4876
-44.4136 168.2575
-36.705 177.1389
-38.7488 175.7554
-37.5072 177.3018
-47.4662 165.4772
-39.5411 175.8554
-37.9109 178.6907
-36.6939 177.1003
-47.4928 165.0953
-45.1493 166.7483
-39.097 176.2961
-41.0163 174.4775
-45.2341 166.9574
-46.3224 166.358
-36.5304 175.0359
-45.5493 166.9707
-41.3732 172.3625
-40.3804 175.3519
-44.02 169.5903
-37.8976 176.7305
-38.8985 175.7893
-36.8718 177.6633
-44.8168 167.3261
-45.1347 167.2369
-37.9094 176.7376
-39.8093 176.9743
-38.4226 178.6559
-37.9066 176.7368
-42.7358 172.5159
-42.3499 173.6411
-40.608 176.1393
-41.2165 173.5492
-40.3691 174.6354
-38.9566 177.6317
-38.1936 176.3383
-45.2141 167.3207
-40.4152 176.5868
-38.728 176.1999
-44.027 169.6194
-44.2966 167.7698
-40.4532 174.8446
-45.3215 166.6087
-39.282 175.565
-37.7877 176.8015
-37.7553 176.792
-46.2638 168.9526
-39.5905 178.5774
-37.7759 176.8245
-49.42 163.84
-48.9 163.8
-38.9452 175.9702
-43.4981 170.0613
-49.1 164.18
-49.26 163.66
-48.01 165.01
-49.49 164.13
-48.63 164.66
-48.72 164.7
-48.78 164.75
-48.65 164.62
-42.1608 172.8816
-37.8426 176.1546
-47.9676 166.218
-48.84 164.76
-38.9369 175.9342
-42.2016 172.9037
-37.7728 176.8192
-38.2942 176.4238
-36.5603 177.1066
-49.05 164.31
-36.7075 177.0787
-36.6868 177.1104
-44.7214 167.3019
-44.7446 167.3356
-44.8912 167.103
-44.8269 167.1464
-44.7285 167.2994
-44.7548 167.3888
-44.7346 167.3976
-44.7677 167.282
-44.6978 167.2414
-44.7206 167.3436
-44.754 167.4504
-44.7552 167.3178
-37.7777 176.8131
-42.1664 172.0404
-44.8804 167.2849
-35.6409 177.8464
-42.1001 172.8935
-42.1235 172.8752
-44.8962 167.2474
-37.4601 177.096
-37.3756 177.2018
-37.423 177.0516
-37.4495 177.0911
-37.4356 177.1216
-37.4744 177.0514
-40.5237 175.9467
-45.0639 167.2574
-49.4 164.79
-47.0747 165.1208
-40.9104 172.2232
-49.43 164.21
-37.7814 176.8221
-35.2646 178.7069
-49.02 164.35
-49.29 164.45
-46.0176 170.6367
-37.7942 176.8108
-38.8901 178.537
-38.8158 178.3713
-38.9533 175.6729
-36.7096 177.1006
-38.7799 176.2977
-44.9488 167.0792
-39.3035 178.7402
-41.9291 173.8848
-44.9462 166.9753
-44.9531 167.0335
-37.7703 176.8309
-39.2777 174.8582
-38.215 177.5059
-37.8371 176.7676
-37.6217 177.2518
-37.7966 176.7666
-38.8983 175.2471
-39.2184 177.7133
-44.4301 167.3269
-35.5157 178.2594
-35.6574 178.2014
-37.3406 177.766
-35.722 -179.704
-35.355 -179.35
-40.699 173.7862
-39.2876 174.582
-44.6756 167.3658
-43.0422 172.6575
-37.8855 176.7456
-33.24 179.51
-41.6867 174.129
-35.9217 179.0978
-43.1418 171.7283
-43.1336 171.7806
-45.0112 167.4621
-45.1276 166.8422
-36.2183 -179.7418
-38.3591 176.0947
-41.975 177.5236
-49.07 164.22
-43.2253 171.0195
-44.418 167.3156
-36.3256 178.2868
-39.6025 177.1949
-45.2561 167.229
-34.21 -179.79
-38.2553 177.4722
-46.1815 167.3258
-33.4 179.91
-37.5556 177.0886
-37.5828 177.0732
-37.6013 177.1243
-37.5861 177.1523
-37.6196 177.112
-37.6156 177.1056
-37.6034 177.1479
-37.5851 177.0876
-37.582 177.1316
-37.6357 177.1059
-38.2671 177.6596
-37.5001 177.0773
-45.9528 166.2455
-47.9462 165.52
-43.1133 170.9311
-45.7906 166.8045
-38.1961 176.9178
-42.7243 172.831
-37.8067 176.8374
-39.8517 176.9815
-37.6168 177.126
-39.6449 174.36
-39.2569 177.1611
-37.7264 176.8392
-45.0044 167.4729
-38.6139 178.4704
-37.7953 176.8231
-37.4617 177.1237
-38.8519 175.9723
-39.6982 176.7809
-44.2565 167.7589
-39.0997 175.8701
-37.8048 176.803
-37.8075 176.7926
-42.4357 172.7108
-37.8109 176.7877
-44.4996 168.3336
-45.0063 167.5613
-40.2834 174.5282
-38.8093 175.8699
-40.1192 175.0091
-42.339 173.9085
-42.3218 173.9467
-42.3065 173.9132
-38.2856 176.3636
-38.8321 175.9952
-40.1181 174.9224
-37.9954 176.2417
-38.223 177.3797
-46.2409 166.0773
-46.4745 166.0197
-39.6584 176.7714
-45.1029 166.761
-37.3566 177.145
-37.405 177.1286
-37.3055 177.2647
-37.4735 177.1532
-37.4855 177.1396
-37.4842 177.144
-37.4499 177.1224
-37.5028 177.1448
-37.4958 177.1437
-37.5022 177.1504
-37.4787 177.1517
-37.5037 177.1307
-38.6881 177.2326
-37.7677 176.793
-37.7677 176.8
-45.057 167.0322
-46.1471 165.833
-38.1466 176.0299
-45.1725 167.3111
-41.8465 172.6744
-38.2706 176.2333
-40.8924 175.5554
-44.3821 169.8379
-45.1112 167.1462
-38.8618 178.1672
-45.2048 167.0513
-40.4758 173.3212
-41.8925 174.2243
-36.6012 177.1406
-44.364 170.1146
-37.5239 176.499
-41.8931 174.233
-43.8242 169.1962
-38.9434 178.5976
-37.7997 176.7487
-42.4652 172.8402
-42.4897 172.8773
-36.9142 177.7315
-38.614 176.6828
-38.2542 176.0921
-47.256 165.1492
-47.3059 164.9105
-38.7511 175.7438
-45.301 166.7806
-40.5542 174.8671
-49.05 163.99
-35.3192 178.8945
-41.5955 173.2266
-37.0368 177.1741
-37.4632 177.3857
-42.7407 172.3768
-36.9351 177.1656
-36.9276 177.1851
-37.4825 177.3806
-37.3509 176.5669
-37.0237 177.1506
-36.989 177.1873
-37.8197 176.6389
-39.9614 176.6522
-46.0753 165.5671
-38.8875 179.1649
-43.0864 173.415
-35.123 -178.207
-37.8196 177.5781
-43.3105 172.2648
-36.934 176.7711
-38.6262 176.6126
-39.0314 178.3542
-49.226 164.639
-36.7245 177.5899
-38.4562 176.2752
-37.7863 176.7771
-37.3754 179.8723
-45.1335 166.9137
-45.0608 167.4216
-37.8238 176.6763
-38.3441 178.2364
-38.9481 178.504
-44.2547 169.9938
-37.787 176.78
-39.41 177.03
-38.6694 178.4582
-38.6699 178.4465
-41.6446 172.8777
-38.7178 178.5114
-43.451 171.6479
-46.1456 167.7718
-35.7566 178.5172
-37.8165 176.674
-41.0514 175.4407
-43.1487 170.9615
-36.9732 179.4844
-45.8625 167.1752
-41.3888 174.1226
-44.51 169.8636
-46.8778 165.7625
-38.1385 176.1996
-38.9793 175.7617
-38.9809 175.7538
-38.9692 175.757
-42.6039 169.9109
-44.2062 168.5668
-36.8041 178.1354
-45.7512 166.5773
-45.8502 165.6878
-45.4429 166.5471
-46.2777 166.267
-46.0655 165.9142
-46.0442 165.9403
-45.6137 166.4097
-45.5342 166.5746
-45.8087 166.3186
-45.5801 166.6914
-45.8027 166.6246
-45.4504 166.6408
-46.2297 165.9042
-46.5327 165.955
-46.1827 166.0773
-45.6237 166.6411
-45.5214 167.0335
-46.3811 166.1576
-45.6402 166.5346
-46.2487 166.6038
-46.1981 166.1608
-46.1905 165.8821
-46.2877 165.8666
-45.7702 166.5438
-45.7702 166.5438
-46.3703 165.6132
-45.7037 166.5902
-46.2457 166.0143
-45.7017 166.5508
-46.1535 165.9364
-46.1513 165.6725
-45.5771 166.6162
-45.6855 166.5498
-46.1189 165.7457
-46.2311 165.7805
-46.1673 166.1003
-45.492 166.5442
-46.1843 165.9247
-46.5419 165.7901
-46.1396 166.3482
-45.6485 166.453
-45.4376 166.6592
-45.4199 166.6707
-45.4286 166.5345
-45.4051 166.5718
-45.5071 166.667
-46.3878 165.6906
-45.4266 166.6534
-45.4355 166.6463
-45.4207 166.6487
-45.9477 166.4495
-45.6704 166.5544
-46.0491 166.0151
-45.5679 166.6466
-46.0063 165.7078
-45.5531 166.6618
-45.5487 166.5397
-45.5782 166.6227
-45.6014 166.6257
-45.4034 165.5063
-45.5413 166.2849
-45.86 166.5111
-45.8314 166.2215
-45.3994 166.7502
-36.7572 178.7697
-46.266 165.9585
-46.0289 166.4599
-45.4836 166.5679
-45.9151 166.3297
-45.8902 165.8744
-46.0868 166.3082
-46.2464 165.9638
-45.5646 166.7134
-45.7515 166.671
-45.6587 166.4764
-45.4431 166.784
-45.4768 166.7733
-45.4376 166.7485
-45.1806 166.326
-41.8053 174.3468
-45.6104 166.4147
-46.1986 166.2942
-45.5199 166.1846
-37.8093 177.606
-45.4831 166.3871
-45.5005 166.5892
-37.7161 176.8819
-43.2465 170.7905
-35.15 178.95
-35 178.94
-46.0151 166.2041
-45.695 166.4541
-46.0232 165.7854
-35.9205 179.3125
-46.3848 165.7155
-45.6535 166.4017
-46.2679 166.2269
-46.2589 166.4269
-40.4387 176.529
-41.4383 174.7223
-45.6466 166.7375
-37.0093 176.9498
-46.309 166.3222
-45.498 166.6267
-40.967 176.5282
-45.284 166.8736
-46.1423 165.8259
-44.0344 167.6992
-44.4731 168.1785
-46.1474 166.2196
-46.1921 166.1705
-46.104 166.1272
-41.169 174.6142
-46.0102 166.1959
-37.9518 176.614
-39.7201 176.829
-39.6286 175.997
-43.9521 169.0327
-42.2036 172.6428
-40.4199 175.5949
-40.4164 175.6047
-43.2081 172.8768
-46.481 165.2861
-46.1281 166.0215
-40.049 176.4867
-46.3863 165.8542
-40.562 174.8535
-45.769 165.8885
-46.1093 166.4002
-46.0726 166.0571
-44.4228 168.1891
-39.0584 176.034
-37.643 177.3404
-41.035 174.7276
-44.4626 167.0653
-44.2946 166.9303
-49.41 164.14
-44.1196 168.3722
-36.8143 177.224
-45.4539 166.7261
-36.9023 177.0742
-46.3916 165.7369
-38.9686 175.8144
-39.1779 175.1576
-47.7121 165.3482
-39.4954 177.312
-44.7286 167.3922
-38.857 -179.6946
-38.9747 175.7655
-40.9085 174.9425
-46.2405 165.342
-38.4433 175.9205
-46.0275 166.1841
-45.6846 166.9708
-45.5013 166.6423
-42.1217 173.8455
-42.1304 173.8657
-48.42 165.22
-48.61 164.8
-48.66 164.64
-46.2573 164.9475
-45.0852 167.4407
-46.3075 165.8341
-44.9995 165.9874
-38.5503 178.6112
-38.5571 178.5657
-38.5614 178.6069
-38.5534 178.5517
-45.1172 167.4518
-42.176 173.8771
-36.6228 177.0902
-39.0941 176.2374
-36.6563 177.1005
-36.6511 177.0698
-36.6328 177.0744
-45.5659 166.578
-38.0878 177.6822
-36.6364 177.073
-36.7382 177.1052
-37.7998 176.9269
-37.8777 176.9646
-37.8261 176.9572
-37.8757 176.8963
-37.8706 176.9368
-37.853 176.9517
-42.5642 172.9172
-39.6835 177.0343
-36.6586 177.1863
-40.2092 173.5623
-33.57 179.22
-46.1067 165.5176
-38.0471 176.4077
-38.1123 177.7095
-46.186 166.0833
-45.9799 165.9134
-38.9652 177.3533
-45.9928 165.8705
-38.2079 178.3592
-44.18 168.5813
-46.1133 166.0239
-37.3782 177.3024
-46.3757 165.9869
-37.104 177.1958
-36.9967 176.8944
-38.0635 177.0201
-40.1068 174.8938
-43.5382 172.1635
-43.6177 172.2259
-43.6048 172.4042
-43.5859 172.3911
-43.5884 172.3847
-43.6138 172.4025
-43.5549 172.1597
-43.5973 172.3335
-43.6027 172.2585
-43.6235 172.4123
-43.5737 171.9684
-43.6024 172.3747
-43.6021 172.3684
-43.5923 172.3716
-43.5653 171.8559
-43.6228 172.3811
-43.252 171.9773
-43.5464 171.8624
-43.6368 172.3915
-43.6147 172.0555
-43.6263 172.1427
-43.5949 172.1725
-43.6359 172.1354
-43.6363 171.9084
-43.6492 172.2379
-43.628 172.2781
-43.4995 171.9261
-43.6713 172.5129
-43.5709 172.4109
-43.632 172.4676
-43.6151 172.4098
-43.611 172.3745
-43.6505 172.4654
-43.6309 172.382
-43.5346 172.2366
-43.6193 172.4908
-43.5947 171.9106
-43.6182 172.4992
-43.5777 172.2918
-43.6497 172.4597
-43.592 172.3763
-43.4671 172.1671
-43.6179 172.3264
-43.5699 172.3878
-43.5885 171.8914
-43.638 172.4756
-43.5439 171.9214
-43.654 172.2399
-40.4333 176.8182
-43.5545 172.4989
-43.5901 172.4162
-43.5115 172.1597
-43.574 172.69
-43.5573 172.3975
-43.6153 172.7034
-43.5574 171.882
-43.6182 172.3701
-43.6262 172.0736
-43.5216 172.1476
-43.5111 172.1686
-40.421 176.772
-43.6087 172.364
-43.5946 172.5621
-43.5612 172.3814
-43.5974 172.3792
-43.6057 172.3802
-43.6423 172.38
-43.6385 172.4248
-43.4784 172.1258
-43.642 172.3923
-43.5291 171.8826
-43.5907 172.3878
-43.6162 172.3319
-43.6218 172.4558
-43.5419 172.2204
-43.5355 172.5365
-43.6024 172.1333
-43.5967 172.3309
-43.6275 172.3739
-43.627 172.3762
-42.4747 173.7467
-42.4861 173.7592
-43.5926 172.0366
-43.605 172.5067
-43.6288 172.4958
-43.6301 172.5056
-43.6441 172.3789
-43.6131 172.3526
-43.5542 172.4272
-43.6117 172.4482
-43.6396 172.4624
-43.5574 171.9409
-43.4593 172.1606
-43.6151 172.4465
-43.5735 172.3743
-43.0116 172.0883
-43.5602 172.4623
-43.6082 172.3722
-38.2512 175.9683
-43.5933 172.3632
-43.6145 172.4274
-43.5927 172.0481
-43.5226 172.6878
-43.5418 172.6277
-42.4536 172.9868
-43.433 172.1046
-36.6812 177.2894
-43.6278 172.3806
-43.8571 171.6548
-38.0659 176.3977
-43.5627 172.4031
-43.6157 172.1599
-43.6395 172.4142
-39.1507 177.3685
-43.6108 172.3041
-43.7377 172.3297
-43.7137 172.3748
-43.5651 172.4343
-43.5899 172.4131
-43.6198 172.5247
-38.5701 177.8768
-43.639 172.4859
-43.6166 172.4058
-43.5886 172.4427
-43.6409 172.3875
-43.6256 172.5636
-43.5933 172.4087
-43.4601 172.7694
-47.228 165.541
-43.6081 172.1161
-43.4902 172.1815
-38.37 177.8491
-42.9018 171.8373
-43.6248 172.3797
-43.4393 172.1188
-43.5816 172.3846
-43.6033 172.4845
-45.9928 165.9897
-43.6111 172.3891
-43.2118 172.06
-43.6533 172.3356
-46.2538 165.876
-43.6002 172.3953
-46.0894 165.6598
-43.5989 172.4131
-43.2213 172.0965
-38.8903 175.89
-43.6036 172.0944
-36.6459 177.1055
-43.5871 172.0639
-40.8762 175.5334
-39.1194 174.8588
-40.8913 175.5708
-46.2092 166.1756
-43.5964 172.4108
-45.4613 166.7368
-44.6505 167.2437
-36.7971 177.0916
-43.5373 172.6377
-43.5544 172.6615
-43.5316 172.616
-37.5252 176.4894
-45.3032 166.9566
-37.7559 176.728
-43.5491 172.4211
-43.5522 172.4183
-43.5173 171.9109
-43.5549 172.6356
-43.575 172.3206
-43.6436 172.3707
-39.7308 177.2844
-38.9325 177.3328
-35.5069 178.2859
-36.9297 179.9406
-43.6267 172.3739
-38.1159 176.187
-43.6153 172.5497
-43.5909 172.412
-43.5242 172.7111
-43.5799 172.5264
-43.6066 172.5186
-41.3551 174.2083
-43.55 172.663
-47.4354 165.2425
-38.407 176.0003
-43.3234 171.9855
-38.9324 178.0596
-38.9362 178.0424
-38.9338 178.0467
-45.4933 166.2949
-43.1624 172.0328
-43.6323 172.3579
-42.4812 173.7687
-46.3909 169.406
-47.2356 164.9518
-43.5993 172.4045
-45.8258 166.597
-46.0162 165.8044
-38.2281 178.3161
-46.2271 165.7296
-43.4204 172.4098
-43.566 172.6909
-43.5892 172.6605
-43.5941 172.6312
-43.5931 172.6748
-43.5904 172.6336
-43.584 172.8142
-43.5873 172.5603
-43.5652 172.647
-43.5988 172.669
-43.5382 172.7219
-43.6023 172.7515
-43.586 172.7073
-43.6268 172.741
-43.6386 172.765
-43.594 172.7105
-43.6207 172.7248
-43.5995 172.5604
-43.5676 172.6957
-43.6547 172.7473
-43.6047 172.6921
-43.5801 172.7166
-43.6055 172.6766
-43.6036 172.7227
-43.5922 172.6788
-43.5879 172.6402
-43.5648 172.7511
-43.5862 172.6436
-43.5791 172.6606
-43.6067 172.6839
-43.5825 172.5979
-43.5693 172.6987
-37.2757 177.7433
-43.5985 172.8483
-43.6151 172.8466
-43.6099 172.655
-41.073 175.1016
-43.5686 172.7337
-42.3624 173.8971
-41.5677 174.0206
-43.5699 172.7505
-43.5857 172.6284
-43.5675 172.6386
-43.5801 172.6563
-43.5518 172.7394
-43.5805 172.7411
-46.1788 165.8734
-45.1532 167.871
-43.5449 172.8986
-45.028 167.3588
-44.3415 169.9631
-44.3398 169.9238
-43.522 172.6974
-45.9967 166.1501
-38.0837 178.2394
-43.4947 172.7463
-43.5363 172.1741
-43.5846 172.6493
-39.8708 176.9245
-43.5567 172.76
-43.529 172.7158
-42.2043 177.4485
-39.6149 174.439
-40.279 176.3812
-43.6134 172.7886
-43.5911 172.7236
-38.2565 175.9906
-46.0271 166.0938
-34.29 -179.03
-43.526 172.7751
-43.6192 172.4866
-40.1432 176.9783
-38.6085 177.9206
-43.1842 171.9868
-41.3496 173.2313
-43.537 172.6923
-38.3024 178.0992
-38.1657 176.0484
-43.6 172.6603
-43.5994 172.4068
-38.0535 177.5506
-36.3017 -179.0259
-43.5767 172.9227
-43.5753 172.7012
-44.4611 170.6581
-45.5807 167.041
-38.0431 178.0697
-37.9132 177.567
-38.3128 177.2352
-43.6279 172.3564
-43.6051 172.4125
-43.5846 172.4039
-42.3073 173.1505
-44.1768 168.356
-44.3083 168.1606
-43.3668 172.1559
-43.5684 172.7531
-43.5638 172.7431
-43.5959 172.7382
-43.5954 172.7823
-43.4812 171.145
-43.6461 172.8382
-43.6546 172.8547
-43.6501 172.8651
-43.6594 172.8695
-43.5897 172.7932
-43.5306 172.7566
-43.6019 172.7694
-43.5727 172.7998
-44.5288 168.3718
-43.6068 172.3991
-43.6533 172.8379
-46.9347 165.6236
-43.7033 171.752
-43.5988 172.5249
-43.5971 172.5309
-43.5948 172.5286
-43.6115 172.4841
-43.6549 172.9768
-43.5988 172.5162
-43.605 172.7702
-43.4842 170.277
-45.5959 166.6339
-40.6837 176.9075
-40.7417 177.003
-38.6745 175.7497
-40.6845 176.9667
-43.2067 172.2105
-35.8973 178.116
-43.557 172.6328
-43.56 172.7708
-43.5389 172.2682
-34.59 179.12
-43.6117 172.7561
-45.684 166.7957
-43.6445 172.1954
-43.6455 172.2066
-42.1045 173.1311
-40.3051 174.1562
-45.1173 167.3227
-43.5999 172.8842
-38.3436 175.8664
-38.6222 176.0671
-43.6035 172.7752
-43.5581 172.6251
-43.65 172.8285
-37.8324 176.6355
-43.5742 172.0749
-37.8334 176.6302
-43.6022 172.4415
-43.5711 172.8137
-43.5674 172.3936
-38.5195 176.5128
-49.675 163.995
-43.6039 172.7635
-45.2958 166.6181
-35.133 -179.049
-35.42 -178.45
-43.6188 172.8035
-43.5953 172.5263
-43.5933 172.5017
-43.5668 172.5003
-43.5829 172.6453
-43.5829 172.4064
-36.6159 177.7323
-49.12 164.39
-38.477 178.7835
-37.5127 176.3179
-40.2827 176.6606
-43.696 172.8486
-43.6817 172.8535
-43.6505 172.8295
-37.8063 177.5823
-43.5799 172.7899
-44.9714 167.4856
-38.9466 178.0702
-37.3549 177.7281
-41.3157 172.3912
-38.6745 177.1405
-38.9321 175.6512
-37.8151 176.6452
-41.6344 174.2923
-41.6283 174.2847
-37.4109 178.5161
-43.2853 172.0078
-43.6387 172.4811
-38.9641 178.0775
-38.9692 178.1075
-43.5911 172.7784
-37.4641 179.7854
-37.4289 179.9625
-37.423 179.9892
-37.5681 -179.915
-37.2754 179.8374
-37.5314 179.7328
-47.6671 165.128
-38.9085 177.1647
-45.5696 166.6151
-37.4404 -179.883
-41.364 174.3149
-38.6616 175.7088
-37.2766 179.9799
-41.1539 174.7517
-45.3827 167.0884
-45.6305 166.9279
-45.3401 167.1501
-46.2318 165.9356
-46.1758 165.7393
-43.4862 172.7957
-43.4729 172.8406
-43.5258 172.8002
-43.53 172.7428
-43.4734 172.8345
-43.4577 172.8513
-43.4955 172.7734
-43.5347 172.7805
-43.5329 172.7273
-43.5405 172.8597
-43.5527 172.8255
-43.4947 172.8218
-43.5171 172.8258
-43.6638 172.8397
-43.4815 172.8975
-43.498 172.7704
-43.5094 172.7848
-43.5455 172.7668
-43.4991 172.8309
-43.4914 172.807
-43.5132 172.794
-43.5341 172.8066
-43.4604 172.8
-43.5173 172.7754
-43.4695 172.8519
-43.417 172.8497
-43.4755 172.8813
-43.4461 172.8348
-43.4679 172.8752
-43.5122 172.8137
-43.4791 172.801
-37.5175 -179.8131
-43.5075 172.8247
-43.51 172.8219
-43.5147 172.7908
-43.4901 172.8399
-43.4577 172.905
-43.5376 172.7654
-36.26 177.4714
-43.6404 172.8324
-45.536 166.6147
-40.397 176.6822
-46.8583 165.5922
-47.005 165.5361
-46.885 165.5979
-46.7789 165.4366
-46.7196 165.2146
-46.802 165.7677
-43.603 172.4146
-43.5912 172.4137
-43.4847 172.8421
-43.5935 172.4296
-38.5099 176.1591
-46.9127 165.2495
-43.5812 172.2779
-43.4541 172.8703
-42.0134 172.5793
-43.5256 172.8152
-38.607 176.1694
-39.9793 176.8224
-40.1834 173.5403
-40.3563 173.3951
-38.9376 174.9656
-43.651 172.8518
-43.6445 172.8588
-43.6192 172.794
-37.426 176.5671
-43.4983 172.7855
-40.8386 175.5261
-39.3823 174.1238
-39.9763 175.0347
-39.9447 176.7241
-43.4581 172.7944
-37.2392 176.7457
-43.4543 172.8444
-43.5761 172.3895
-43.4851 172.8386
-40.6811 174.675
-40.2003 176.4028
-35.5277 178.7966
-38.6001 176.4747
-45.0455 166.1968
-44.9475 165.9746
-45.1093 166.4755
-37.7192 177.6322
-43.5937 172.7605
-39.9892 174.6718
-45.1233 167.2678
-46.1301 165.8456
-46.1656 165.7861
-37.4692 178.7849
-40.9308 175.4164
-45.9501 166.5072
-36.5677 177.2239
-36.5628 177.2361
-36.5528 177.1916
-36.5911 177.1679
-43.5777 172.4122
-44.1564 169.7066
-43.5765 172.3644
-45.4742 166.4804
-36.5734 177.2029
-37.9208 179.0621
-38.4796 176.2076
-37.9092 177.7691
-43.4874 172.7882
-41.6362 171.5626
-43.4875 172.8326
-43.4559 172.8632
-42.5009 172.7243
-43.1466 170.7691
-44.4782 168.5683
-45.5278 166.7232
-41.3861 174.6804
-42.9965 170.7962
-42.3191 174.0724
-46.2221 167.2407
-43.5961 172.6116
-43.5 172.7431
-43.5927 172.412
-43.5362 172.8373
-43.4867 172.8007
-43.4794 172.7983
-43.816 171.3732
-43.5518 172.8093
-43.5075 172.7554
-44.2227 169.7383
-43.5286 172.6821
-38.0279 176.3799
-43.4528 172.1226
-43.5327 172.7275
-40.0226 173.7561
-42.223 172.7159
-43.6252 172.3315
-39.068 175.8071
-44.5057 167.7982
-43.6278 172.557
-41.4079 173.7621
-38.5239 176.9731
-38.5724 177.8428
-44.5194 167.9448
-39.7024 175.6745
-41.493 172.4084
-37.5265 -179.8182
-37.7131 -179.9681
-40.4981 176.1444
-46.2124 165.8049
-35.837 -179.72
-37.6135 -179.7331
-37.5842 -179.6
-43.6286 172.5524
-42.4773 175.7038
-35.99 -179.05
-38.116 176.0104
-38.034 -179.5148
-46.3946 165.6965
-37.7641 177.5816
-37.5705 -179.5959
-37.5473 -179.618
-37.3093 178.1667
-43.234 175.1525
-37.4437 179.2224
-46.2338 165.8904
-44.098 168.7218
-38.0689 176.0533
-41.4187 175.0004
-37.8119 177.5701
-43.2917 170.4851
-43.4807 172.8071
-43.6176 172.376
-43.5965 172.645
-38.517 178.7637
-38.574 178.83
-38.6212 175.7262
-43.5215 172.7745
-43.4692 172.7837
-38.3113 175.9904
-44.0438 169.5366
-38.6385 176.1671
-46.071 166.1061
-38.5632 178.9135
-38.5713 178.8509
-38.3092 178.9627
-43.4806 172.8612
-44.3757 168.794
-40.1227 174.832
-40.1592 174.8255
-39.7719 176.6055
-38.5236 178.8163
-37.7564 177.487
-43.6031 172.6647
-45.2895 166.9443
-37.8266 177.5618
-44.5514 167.5463
-44.4264 168.2547
-45.0549 167.5953
-39.0746 176.7208
-38.5232 178.8512
-45.1339 166.8282
-38.5092 178.8351
-43.5476 172.3068
-38.3501 176.0593
-33.6146 -178.0678
-43.5402 172.7798
-37.872 -179.5079
-38.5341 176.1084
-38.4061 178.0147
-39.2911 173.5674
-39.2603 173.6802
-44.4226 168.0575
-36.8715 177.5889
-34.6673 -179.6158
-38.5011 178.1932
-39.3126 173.6941
-44.1315 168.4115
-36.7603 178.6743
-40.5145 174.4079
-43.6038 172.4568
-39.8124 174.3384
-46.9269 166.0836
-46.4569 166.0676
-43.886 172.621
-39.9445 175.5912
-46.1691 166.239
-43.5959 172.7288
-43.6143 172.3694
-35.922 178.7977
-41.8483 173.9848
-39.3564 177.5776
-43.5122 172.8
-39.385 177.5853
