Longitude
166.83
166.8152
166.802
166.9658
166.9908
166.9217
166.8441
166.9382
166.6794
166.9468
172.9231
172.8909
173.4557
166.3132
166.4301
166.8506
179.32
166.1204
166.3523
171.6705
166.7951
171.0577
174.9457
166.9677
179.6178
177.5091
177.7772
170.0675
174.7723
175.8241
166.9295
177.9745
174.0222
176.7068
175.0611
172.1553
165.6366
176.6936
179.6392
178.4135
178.1777
178.2758
175.7653
177.5774
177.4784
171.3794
176.5224
176.497
176.5141
176.5436
176.5492
172.4939
-179.5876
176.5645
166.9346
170.8878
174.4505
172.7555
177.6077
177.1046
179.7384
172.3639
177.5114
173.1374
175.9649
178.0314
179.8277
177.4114
178.4375
175.0892
166.9213
166.9627
165.3169
168.8281
177.0535
176.6252
167.4321
176.3954
171.0562
175.7893
175.8012
175.0526
166.9172
175.7617
166.9221
174.6024
178.2846
173.6723
178.4586
166.8092
166.7731
169.5626
171.6218
169.8714
171.0234
171.0272
174.5499
176.9123
174.285
169.5298
166.8652
177.174
168.9747
169.0377
179.4423
179.578
179.1
166.3935
175.9961
179.4734
179.3779
177.5061
176.7308
166.4011
178.8664
173.9061
173.8861
166.4798
176.869
165.4839
174.2004
171.7026
176.364
165.9877
171.6709
178.1759
170.7666
176.7199
177.3016
178.52
177.3998
165.6563
171.6766
172.4836
179.4213
176.2323
166.8971
174.1859
174.1908
174.2628
174.169
177.4722
176.0417
174.2161
176.294
176.0543
174.8616
176.3355
166.8986
176.9531
176.9842
177.749
165.8225
175.0631
176.5882
175.8269
176.3814
178.5468
173.4244
176.4128
174.8885
174.9649
167.1834
176.8019
178.2978
176.9353
176.8575
165.701
176.9864
177.0909
170.5077
170.5063
174.4539
177.2325
176.396
175.863
177.3479
166.8899
176.8228
176.6615
174.1599
173.286
172.6956
172.6523
175.314
175.8355
177.4984
174.6358
176.8389
174.4778
169.9035
169.9306
169.9134
173.1688
176.5135
178.9027
174.3345
172.1025
172.6761
166.7724
176.8618
176.5134
177.1172
177.4876
168.2575
177.1389
175.7554
177.3018
165.4772
175.8554
178.6907
177.1003
165.0953
166.7483
176.2961
174.4775
166.9574
166.358
175.0359
166.9707
172.3625
175.3519
169.5903
176.7305
175.7893
177.6633
167.3261
167.2369
176.7376
176.9743
178.6559
176.7368
172.5159
173.6411
176.1393
173.5492
174.6354
177.6317
176.3383
167.3207
176.5868
176.1999
169.6194
167.7698
174.8446
166.6087
175.565
176.8015
176.792
168.9526
178.5774
176.8245
163.84
163.8
175.9702
170.0613
164.18
163.66
165.01
164.13
164.66
164.7
164.75
164.62
172.8816
176.1546
166.218
164.76
175.9342
172.9037
176.8192
176.4238
177.1066
164.31
177.0787
177.1104
167.3019
167.3356
167.103
167.1464
167.2994
167.3888
167.3976
167.282
167.2414
167.3436
167.4504
167.3178
176.8131
172.0404
167.2849
177.8464
172.8935
172.8752
167.2474
177.096
177.2018
177.0516
177.0911
177.1216
177.0514
175.9467
167.2574
164.79
165.1208
172.2232
164.21
176.8221
178.7069
164.35
164.45
170.6367
176.8108
178.537
178.3713
175.6729
177.1006
176.2977
167.0792
178.7402
173.8848
166.9753
167.0335
176.8309
174.8582
177.5059
176.7676
177.2518
176.7666
175.2471
177.7133
167.3269
178.2594
178.2014
177.766
-179.704
-179.35
173.7862
174.582
167.3658
172.6575
176.7456
179.51
174.129
179.0978
171.7283
171.7806
167.4621
166.8422
-179.7418
176.0947
177.5236
164.22
171.0195
167.3156
178.2868
177.1949
167.229
-179.79
177.4722
167.3258
179.91
177.0886
177.0732
177.1243
177.1523
177.112
177.1056
177.1479
177.0876
177.1316
177.1059
177.6596
177.0773
166.2455
165.52
170.9311
166.8045
176.9178
172.831
176.8374
176.9815
177.126
174.36
177.1611
176.8392
167.4729
178.4704
176.8231
177.1237
175.9723
176.7809
167.7589
175.8701
176.803
176.7926
172.7108
176.7877
168.3336
167.5613
174.5282
175.8699
175.0091
173.9085
173.9467
173.9132
176.3636
175.9952
174.9224
176.2417
177.3797
166.0773
166.0197
176.7714
166.761
177.145
177.1286
177.2647
177.1532
177.1396
177.144
177.1224
177.1448
177.1437
177.1504
177.1517
177.1307
177.2326
176.793
176.8
167.0322
165.833
176.0299
167.3111
172.6744
176.2333
175.5554
169.8379
167.1462
178.1672
167.0513
173.3212
174.2243
177.1406
170.1146
176.499
174.233
169.1962
178.5976
176.7487
172.8402
172.8773
177.7315
176.6828
176.0921
165.1492
164.9105
175.7438
166.7806
174.8671
163.99
178.8945
173.2266
177.1741
177.3857
172.3768
177.1656
177.1851
177.3806
176.5669
177.1506
177.1873
176.6389
176.6522
165.5671
179.1649
173.415
-178.207
177.5781
172.2648
176.7711
176.6126
178.3542
164.639
177.5899
176.2752
176.7771
179.8723
166.9137
167.4216
176.6763
178.2364
178.504
169.9938
176.78
177.03
178.4582
178.4465
172.8777
178.5114
171.6479
167.7718
178.5172
176.674
175.4407
170.9615
179.4844
167.1752
174.1226
169.8636
165.7625
176.1996
175.7617
175.7538
175.757
169.9109
168.5668
178.1354
166.5773
165.6878
166.5471
166.267
165.9142
165.9403
166.4097
166.5746
166.3186
166.6914
166.6246
166.6408
165.9042
165.955
166.0773
166.6411
167.0335
166.1576
166.5346
166.6038
166.1608
165.8821
165.8666
166.5438
166.5438
165.6132
166.5902
166.0143
166.5508
165.9364
165.6725
166.6162
166.5498
165.7457
165.7805
166.1003
166.5442
165.9247
165.7901
166.3482
166.453
166.6592
166.6707
166.5345
166.5718
166.667
165.6906
166.6534
166.6463
166.6487
166.4495
166.5544
166.0151
166.6466
165.7078
166.6618
166.5397
166.6227
166.6257
165.5063
166.2849
166.5111
166.2215
166.7502
178.7697
165.9585
166.4599
166.5679
166.3297
165.8744
166.3082
165.9638
166.7134
166.671
166.4764
166.784
166.7733
166.7485
166.326
174.3468
166.4147
166.2942
166.1846
177.606
166.3871
166.5892
176.8819
170.7905
178.95
178.94
166.2041
166.4541
165.7854
179.3125
165.7155
166.4017
166.2269
166.4269
176.529
174.7223
166.7375
176.9498
166.3222
166.6267
176.5282
166.8736
165.8259
167.6992
168.1785
166.2196
166.1705
166.1272
174.6142
166.1959
176.614
176.829
175.997
169.0327
172.6428
175.5949
175.6047
172.8768
165.2861
166.0215
176.4867
165.8542
174.8535
165.8885
166.4002
166.0571
168.1891
176.034
177.3404
174.7276
167.0653
166.9303
164.14
168.3722
177.224
166.7261
177.0742
165.7369
175.8144
175.1576
165.3482
177.312
167.3922
-179.6946
175.7655
174.9425
165.342
175.9205
166.1841
166.9708
166.6423
173.8455
173.8657
165.22
164.8
164.64
164.9475
167.4407
165.8341
165.9874
178.6112
178.5657
178.6069
178.5517
167.4518
173.8771
177.0902
176.2374
177.1005
177.0698
177.0744
166.578
177.6822
177.073
177.1052
176.9269
176.9646
176.9572
176.8963
176.9368
176.9517
172.9172
177.0343
177.1863
173.5623
179.22
165.5176
176.4077
177.7095
166.0833
165.9134
177.3533
165.8705
178.3592
168.5813
166.0239
177.3024
165.9869
177.1958
176.8944
177.0201
174.8938
172.1635
172.2259
172.4042
172.3911
172.3847
172.4025
172.1597
172.3335
172.2585
172.4123
171.9684
172.3747
172.3684
172.3716
171.8559
172.3811
171.9773
171.8624
172.3915
172.0555
172.1427
172.1725
172.1354
171.9084
172.2379
172.2781
171.9261
172.5129
172.4109
172.4676
172.4098
172.3745
172.4654
172.382
172.2366
172.4908
171.9106
172.4992
172.2918
172.4597
172.3763
172.1671
172.3264
172.3878
171.8914
172.4756
171.9214
172.2399
176.8182
172.4989
172.4162
172.1597
172.69
172.3975
172.7034
171.882
172.3701
172.0736
172.1476
172.1686
176.772
172.364
172.5621
172.3814
172.3792
172.3802
172.38
172.4248
172.1258
172.3923
171.8826
172.3878
172.3319
172.4558
172.2204
172.5365
172.1333
172.3309
172.3739
172.3762
173.7467
173.7592
172.0366
172.5067
172.4958
172.5056
172.3789
172.3526
172.4272
172.4482
172.4624
171.9409
172.1606
172.4465
172.3743
172.0883
172.4623
172.3722
175.9683
172.3632
172.4274
172.0481
172.6878
172.6277
172.9868
172.1046
177.2894
172.3806
171.6548
176.3977
172.4031
172.1599
172.4142
177.3685
172.3041
172.3297
172.3748
172.4343
172.4131
172.5247
177.8768
172.4859
172.4058
172.4427
172.3875
172.5636
172.4087
172.7694
165.541
172.1161
172.1815
177.8491
171.8373
172.3797
172.1188
172.3846
172.4845
165.9897
172.3891
172.06
172.3356
165.876
172.3953
165.6598
172.4131
172.0965
175.89
172.0944
177.1055
172.0639
175.5334
174.8588
175.5708
166.1756
172.4108
166.7368
167.2437
177.0916
172.6377
172.6615
172.616
176.4894
166.9566
176.728
172.4211
172.4183
171.9109
172.6356
172.3206
172.3707
177.2844
177.3328
178.2859
179.9406
172.3739
176.187
172.5497
172.412
172.7111
172.5264
172.5186
174.2083
172.663
165.2425
176.0003
171.9855
178.0596
178.0424
178.0467
166.2949
172.0328
172.3579
173.7687
169.406
164.9518
172.4045
166.597
165.8044
178.3161
165.7296
172.4098
172.6909
172.6605
172.6312
172.6748
172.6336
172.8142
172.5603
172.647
172.669
172.7219
172.7515
172.7073
172.741
172.765
172.7105
172.7248
172.5604
172.6957
172.7473
172.6921
172.7166
172.6766
172.7227
172.6788
172.6402
172.7511
172.6436
172.6606
172.6839
172.5979
172.6987
177.7433
172.8483
172.8466
172.655
175.1016
172.7337
173.8971
174.0206
172.7505
172.6284
172.6386
172.6563
172.7394
172.7411
165.8734
167.871
172.8986
167.3588
169.9631
169.9238
172.6974
166.1501
178.2394
172.7463
172.1741
172.6493
176.9245
172.76
172.7158
177.4485
174.439
176.3812
172.7886
172.7236
175.9906
166.0938
-179.03
172.7751
172.4866
176.9783
177.9206
171.9868
173.2313
172.6923
178.0992
176.0484
172.6603
172.4068
177.5506
-179.0259
172.9227
172.7012
170.6581
167.041
178.0697
177.567
177.2352
172.3564
172.4125
172.4039
173.1505
168.356
168.1606
172.1559
172.7531
172.7431
172.7382
172.7823
171.145
172.8382
172.8547
172.8651
172.8695
172.7932
172.7566
172.7694
172.7998
168.3718
172.3991
172.8379
165.6236
171.752
172.5249
172.5309
172.5286
172.4841
172.9768
172.5162
172.7702
170.277
166.6339
176.9075
177.003
175.7497
176.9667
172.2105
178.116
172.6328
172.7708
172.2682
179.12
172.7561
166.7957
172.1954
172.2066
173.1311
174.1562
167.3227
172.8842
175.8664
176.0671
172.7752
172.6251
172.8285
176.6355
172.0749
176.6302
172.4415
172.8137
172.3936
176.5128
163.995
172.7635
166.6181
-179.049
-178.45
172.8035
172.5263
172.5017
172.5003
172.6453
172.4064
177.7323
164.39
178.7835
176.3179
176.6606
172.8486
172.8535
172.8295
177.5823
172.7899
167.4856
178.0702
177.7281
172.3912
177.1405
175.6512
176.6452
174.2923
174.2847
178.5161
172.0078
172.4811
178.0775
178.1075
172.7784
179.7854
179.9625
179.9892
-179.915
179.8374
179.7328
165.128
177.1647
166.6151
-179.883
174.3149
175.7088
179.9799
174.7517
167.0884
166.9279
167.1501
165.9356
165.7393
172.7957
172.8406
172.8002
172.7428
172.8345
172.8513
172.7734
172.7805
172.7273
172.8597
172.8255
172.8218
172.8258
172.8397
172.8975
172.7704
172.7848
172.7668
172.8309
172.807
172.794
172.8066
172.8
172.7754
172.8519
172.8497
172.8813
172.8348
172.8752
172.8137
172.801
-179.8131
172.8247
172.8219
172.7908
172.8399
172.905
172.7654
177.4714
172.8324
166.6147
176.6822
165.5922
165.5361
165.5979
165.4366
165.2146
165.7677
172.4146
172.4137
172.8421
172.4296
176.1591
165.2495
172.2779
172.8703
172.5793
172.8152
176.1694
176.8224
173.5403
173.3951
174.9656
172.8518
172.8588
172.794
176.5671
172.7855
175.5261
174.1238
175.0347
176.7241
172.7944
176.7457
172.8444
172.3895
172.8386
174.675
176.4028
178.7966
176.4747
166.1968
165.9746
166.4755
177.6322
172.7605
174.6718
167.2678
165.8456
165.7861
178.7849
175.4164
166.5072
177.2239
177.2361
177.1916
177.1679
172.4122
169.7066
172.3644
166.4804
177.2029
179.0621
176.2076
177.7691
172.7882
171.5626
172.8326
172.8632
172.7243
170.7691
168.5683
166.7232
174.6804
170.7962
174.0724
167.2407
172.6116
172.7431
172.412
172.8373
172.8007
172.7983
171.3732
172.8093
172.7554
169.7383
172.6821
176.3799
172.1226
172.7275
173.7561
172.7159
172.3315
175.8071
167.7982
172.557
173.7621
176.9731
177.8428
167.9448
175.6745
172.4084
-179.8182
-179.9681
176.1444
165.8049
-179.72
-179.7331
-179.6
172.5524
175.7038
-179.05
176.0104
-179.5148
165.6965
177.5816
-179.5959
-179.618
178.1667
175.1525
179.2224
165.8904
168.7218
176.0533
175.0004
177.5701
170.4851
172.8071
172.376
172.645
178.7637
178.83
175.7262
172.7745
172.7837
175.9904
169.5366
176.1671
166.1061
178.9135
178.8509
178.9627
172.8612
168.794
174.832
174.8255
176.6055
178.8163
177.487
172.6647
166.9443
177.5618
167.5463
168.2547
167.5953
176.7208
178.8512
166.8282
178.8351
172.3068
176.0593
-178.0678
172.7798
-179.5079
176.1084
178.0147
173.5674
173.6802
168.0575
177.5889
-179.6158
178.1932
173.6941
168.4115
178.6743
174.4079
172.4568
174.3384
166.0836
166.0676
172.621
175.5912
166.239
172.7288
172.3694
178.7977
173.9848
177.5776
172.8
177.5853
